Accuracy: 0.8622
PCA components: 552
Explained variance ratio:
[0.0692 0.0648 0.0366 0.0245 0.0224 0.0177 0.0088 0.0073 0.0059 0.0057
 0.0052 0.0049 0.0045 0.0042 0.004  0.0037 0.0036 0.0036 0.0035 0.0034
 0.0034 0.0033 0.0033 0.0033 0.0032 0.0032 0.0031 0.0031 0.0031 0.0031
 0.0031 0.003  0.003  0.003  0.003  0.0029 0.0029 0.0029 0.0029 0.0029
 0.0028 0.0028 0.0028 0.0028 0.0028 0.0027 0.0027 0.0027 0.0027 0.0027
 0.0027 0.0027 0.0026 0.0026 0.0026 0.0026 0.0026 0.0026 0.0026 0.0026
 0.0025 0.0025 0.0025 0.0025 0.0025 0.0024 0.0024 0.0024 0.0024 0.0024
 0.0024 0.0024 0.0024 0.0024 0.0023 0.0023 0.0023 0.0023 0.0023 0.0023
 0.0023 0.0023 0.0023 0.0022 0.0022 0.0022 0.0022 0.0022 0.0022 0.0022
 0.0022 0.0022 0.0021 0.0021 0.0021 0.0021 0.0021 0.0021 0.0021 0.0021
 0.0021 0.0021 0.0021 0.0021 0.0021 0.002  0.002  0.002  0.002  0.002
 0.002  0.002  0.002  0.002  0.002  0.002  0.0019 0.0019 0.0019 0.0019
 0.0019 0.0019 0.0019 0.0019 0.0019 0.0019 0.0019 0.0019 0.0018 0.0018
 0.0018 0.0018 0.0018 0.0018 0.0018 0.0018 0.0018 0.0018 0.0018 0.0018
 0.0018 0.0018 0.0017 0.0017 0.0017 0.0017 0.0017 0.0017 0.0017 0.0017
 0.0017 0.0017 0.0017 0.0017 0.0017 0.0017 0.0017 0.0016 0.0016 0.0016
 0.0016 0.0016 0.0016 0.0016 0.0016 0.0016 0.0016 0.0016 0.0016 0.0016
 0.0016 0.0016 0.0015 0.0015 0.0015 0.0015 0.0015 0.0015 0.0015 0.0015
 0.0015 0.0015 0.0015 0.0015 0.0015 0.0015 0.0015 0.0015 0.0015 0.0014
 0.0014 0.0014 0.0014 0.0014 0.0014 0.0014 0.0014 0.0014 0.0014 0.0014
 0.0014 0.0014 0.0014 0.0014 0.0014 0.0014 0.0014 0.0014 0.0014 0.0013
 0.0013 0.0013 0.0013 0.0013 0.0013 0.0013 0.0013 0.0013 0.0013 0.0013
 0.0013 0.0013 0.0013 0.0013 0.0013 0.0013 0.0013 0.0013 0.0012 0.0012
 0.0012 0.0012 0.0012 0.0012 0.0012 0.0012 0.0012 0.0012 0.0012 0.0012
 0.0012 0.0012 0.0012 0.0012 0.0012 0.0012 0.0012 0.0012 0.0012 0.0012
 0.0011 0.0011 0.0011 0.0011 0.0011 0.0011 0.0011 0.0011 0.0011 0.0011
 0.0011 0.0011 0.0011 0.0011 0.0011 0.0011 0.0011 0.0011 0.0011 0.0011
 0.0011 0.0011 0.0011 0.0011 0.001  0.001  0.001  0.001  0.001  0.001
 0.001  0.001  0.001  0.001  0.001  0.001  0.001  0.001  0.001  0.001
 0.001  0.001  0.001  0.001  0.001  0.001  0.001  0.001  0.001  0.001
 0.0009 0.0009 0.0009 0.0009 0.0009 0.0009 0.0009 0.0009 0.0009 0.0009
 0.0009 0.0009 0.0009 0.0009 0.0009 0.0009 0.0009 0.0009 0.0009 0.0009
 0.0009 0.0009 0.0009 0.0009 0.0009 0.0009 0.0009 0.0009 0.0009 0.0009
 0.0008 0.0008 0.0008 0.0008 0.0008 0.0008 0.0008 0.0008 0.0008 0.0008
 0.0008 0.0008 0.0008 0.0008 0.0008 0.0008 0.0008 0.0008 0.0008 0.0008
 0.0008 0.0008 0.0008 0.0008 0.0008 0.0008 0.0008 0.0008 0.0008 0.0008
 0.0008 0.0008 0.0008 0.0007 0.0007 0.0007 0.0007 0.0007 0.0007 0.0007
 0.0007 0.0007 0.0007 0.0007 0.0007 0.0007 0.0007 0.0007 0.0007 0.0007
 0.0007 0.0007 0.0007 0.0007 0.0007 0.0007 0.0007 0.0007 0.0007 0.0007
 0.0007 0.0007 0.0007 0.0007 0.0007 0.0007 0.0007 0.0007 0.0007 0.0007
 0.0007 0.0006 0.0006 0.0006 0.0006 0.0006 0.0006 0.0006 0.0006 0.0006
 0.0006 0.0006 0.0006 0.0006 0.0006 0.0006 0.0006 0.0006 0.0006 0.0006
 0.0006 0.0006 0.0006 0.0006 0.0006 0.0006 0.0006 0.0006 0.0006 0.0006
 0.0006 0.0006 0.0006 0.0006 0.0006 0.0006 0.0006 0.0006 0.0006 0.0006
 0.0006 0.0006 0.0006 0.0005 0.0005 0.0005 0.0005 0.0005 0.0005 0.0005
 0.0005 0.0005 0.0005 0.0005 0.0005 0.0005 0.0005 0.0005 0.0005 0.0005
 0.0005 0.0005 0.0005 0.0005 0.0005 0.0005 0.0005 0.0005 0.0005 0.0005
 0.0005 0.0005 0.0005 0.0005 0.0005 0.0005 0.0005 0.0005 0.0005 0.0005
 0.0005 0.0005 0.0005 0.0005 0.0005 0.0005 0.0005 0.0005 0.0005 0.0005
 0.0004 0.0004 0.0004 0.0004 0.0004 0.0004 0.0004 0.0004 0.0004 0.0004
 0.0004 0.0004 0.0004 0.0004 0.0004 0.0004 0.0004 0.0004 0.0004 0.0004
 0.0004 0.0004 0.0004 0.0004 0.0004 0.0004 0.0004 0.0004 0.0004 0.0004
 0.0004 0.0004 0.0004 0.0004 0.0004 0.0004 0.0004 0.0004 0.0004 0.0004
 0.0004 0.0004 0.0004 0.0004 0.0004 0.0004 0.0004 0.0004 0.0004 0.0004
 0.0004 0.0004 0.0004 0.0004 0.0004 0.0004 0.0004 0.0003 0.0003 0.0003
 0.0003 0.0003]

              precision    recall  f1-score   support

    baoman/R       0.96      0.93      0.95        29
    baoman/S       0.96      0.96      0.96        26
dachang/ESBL       0.76      0.86      0.81       101
 dachang/FQR       0.86      0.76      0.80        49
   feike/CRE       0.96      0.86      0.91        29
  feike/ESBL       0.86      0.84      0.85       109
  jinpu/MRSA       0.95      0.88      0.91        24
  jinpu/MSSA       0.92      0.96      0.94        25

    accuracy                           0.86       392
   macro avg       0.91      0.88      0.89       392
weighted avg       0.87      0.86      0.86       392
