Accuracy: 0.8746
PCA components: 417
Explained variance ratio:
[0.2058 0.0888 0.0603 0.0372 0.0307 0.0171 0.0147 0.0117 0.008  0.0075
 0.0054 0.0048 0.0045 0.0043 0.0039 0.0036 0.0035 0.0033 0.0033 0.0032
 0.0031 0.003  0.003  0.003  0.0029 0.0029 0.0029 0.0028 0.0028 0.0028
 0.0027 0.0027 0.0027 0.0026 0.0026 0.0026 0.0026 0.0026 0.0025 0.0025
 0.0025 0.0024 0.0024 0.0024 0.0024 0.0024 0.0024 0.0023 0.0023 0.0023
 0.0023 0.0023 0.0023 0.0022 0.0022 0.0022 0.0022 0.0022 0.0021 0.0021
 0.0021 0.0021 0.0021 0.0021 0.002  0.002  0.002  0.002  0.002  0.002
 0.002  0.002  0.0019 0.0019 0.0019 0.0019 0.0019 0.0019 0.0019 0.0018
 0.0018 0.0018 0.0018 0.0018 0.0018 0.0018 0.0018 0.0018 0.0018 0.0017
 0.0017 0.0017 0.0017 0.0017 0.0017 0.0017 0.0017 0.0017 0.0016 0.0016
 0.0016 0.0016 0.0016 0.0016 0.0016 0.0016 0.0016 0.0016 0.0015 0.0015
 0.0015 0.0015 0.0015 0.0015 0.0015 0.0015 0.0015 0.0015 0.0015 0.0015
 0.0015 0.0014 0.0014 0.0014 0.0014 0.0014 0.0014 0.0014 0.0014 0.0014
 0.0014 0.0014 0.0014 0.0014 0.0013 0.0013 0.0013 0.0013 0.0013 0.0013
 0.0013 0.0013 0.0013 0.0013 0.0013 0.0013 0.0013 0.0012 0.0012 0.0012
 0.0012 0.0012 0.0012 0.0012 0.0012 0.0012 0.0012 0.0012 0.0012 0.0012
 0.0012 0.0012 0.0012 0.0011 0.0011 0.0011 0.0011 0.0011 0.0011 0.0011
 0.0011 0.0011 0.0011 0.0011 0.0011 0.0011 0.0011 0.0011 0.0011 0.0011
 0.0011 0.001  0.001  0.001  0.001  0.001  0.001  0.001  0.001  0.001
 0.001  0.001  0.001  0.001  0.001  0.001  0.001  0.001  0.001  0.001
 0.001  0.001  0.0009 0.0009 0.0009 0.0009 0.0009 0.0009 0.0009 0.0009
 0.0009 0.0009 0.0009 0.0009 0.0009 0.0009 0.0009 0.0009 0.0009 0.0009
 0.0009 0.0009 0.0009 0.0008 0.0008 0.0008 0.0008 0.0008 0.0008 0.0008
 0.0008 0.0008 0.0008 0.0008 0.0008 0.0008 0.0008 0.0008 0.0008 0.0008
 0.0008 0.0008 0.0008 0.0008 0.0008 0.0008 0.0008 0.0008 0.0008 0.0008
 0.0007 0.0007 0.0007 0.0007 0.0007 0.0007 0.0007 0.0007 0.0007 0.0007
 0.0007 0.0007 0.0007 0.0007 0.0007 0.0007 0.0007 0.0007 0.0007 0.0007
 0.0007 0.0007 0.0007 0.0007 0.0007 0.0007 0.0007 0.0007 0.0006 0.0006
 0.0006 0.0006 0.0006 0.0006 0.0006 0.0006 0.0006 0.0006 0.0006 0.0006
 0.0006 0.0006 0.0006 0.0006 0.0006 0.0006 0.0006 0.0006 0.0006 0.0006
 0.0006 0.0006 0.0006 0.0006 0.0006 0.0006 0.0006 0.0006 0.0006 0.0006
 0.0006 0.0006 0.0006 0.0005 0.0005 0.0005 0.0005 0.0005 0.0005 0.0005
 0.0005 0.0005 0.0005 0.0005 0.0005 0.0005 0.0005 0.0005 0.0005 0.0005
 0.0005 0.0005 0.0005 0.0005 0.0005 0.0005 0.0005 0.0005 0.0005 0.0005
 0.0005 0.0005 0.0005 0.0005 0.0005 0.0005 0.0005 0.0005 0.0005 0.0005
 0.0005 0.0005 0.0005 0.0005 0.0004 0.0004 0.0004 0.0004 0.0004 0.0004
 0.0004 0.0004 0.0004 0.0004 0.0004 0.0004 0.0004 0.0004 0.0004 0.0004
 0.0004 0.0004 0.0004 0.0004 0.0004 0.0004 0.0004 0.0004 0.0004 0.0004
 0.0004 0.0004 0.0004 0.0004 0.0004 0.0004 0.0004 0.0004 0.0004 0.0004
 0.0004 0.0004 0.0004 0.0004 0.0004 0.0004 0.0004 0.0004 0.0004 0.0004
 0.0004 0.0004 0.0004 0.0004 0.0003 0.0003 0.0003 0.0003 0.0003 0.0003
 0.0003 0.0003 0.0003 0.0003 0.0003 0.0003 0.0003]

              precision    recall  f1-score   support

Enterobacter       0.86      0.86      0.86        72
 Escherichia       0.78      0.78      0.78        23
  Klebsiella       0.83      0.94      0.88        85
     Proteus       0.96      0.91      0.93        53
    Serratia       0.95      0.78      0.86        46

    accuracy                           0.87       279
   macro avg       0.88      0.85      0.86       279
weighted avg       0.88      0.87      0.87       279
