Accuracy: 80.6228%
PCA components: 372
Explained variance ratio:
[0.1669 0.0701 0.0353 0.0314 0.0228 0.0212 0.0164 0.0144 0.0129 0.0119
 0.011  0.0094 0.0079 0.0074 0.0072 0.0068 0.0066 0.0065 0.0062 0.006
 0.0059 0.0056 0.0055 0.0052 0.0049 0.0048 0.0048 0.0046 0.0045 0.0044
 0.0041 0.0041 0.004  0.004  0.0039 0.0039 0.0038 0.0037 0.0036 0.0035
 0.0035 0.0034 0.0034 0.0034 0.0033 0.0033 0.0032 0.0032 0.0031 0.0031
 0.003  0.003  0.003  0.003  0.0029 0.0029 0.0028 0.0028 0.0027 0.0027
 0.0027 0.0026 0.0026 0.0026 0.0025 0.0025 0.0025 0.0025 0.0024 0.0024
 0.0024 0.0024 0.0024 0.0023 0.0023 0.0023 0.0023 0.0022 0.0022 0.0022
 0.0022 0.0021 0.0021 0.0021 0.0021 0.0021 0.002  0.002  0.002  0.002
 0.002  0.0019 0.0019 0.0019 0.0019 0.0019 0.0019 0.0018 0.0018 0.0018
 0.0018 0.0018 0.0018 0.0018 0.0018 0.0017 0.0017 0.0017 0.0017 0.0017
 0.0017 0.0017 0.0017 0.0016 0.0016 0.0016 0.0016 0.0016 0.0016 0.0016
 0.0016 0.0015 0.0015 0.0015 0.0015 0.0015 0.0015 0.0015 0.0015 0.0015
 0.0015 0.0014 0.0014 0.0014 0.0014 0.0014 0.0014 0.0014 0.0014 0.0014
 0.0014 0.0014 0.0014 0.0013 0.0013 0.0013 0.0013 0.0013 0.0013 0.0013
 0.0013 0.0013 0.0013 0.0013 0.0012 0.0012 0.0012 0.0012 0.0012 0.0012
 0.0012 0.0012 0.0012 0.0012 0.0012 0.0012 0.0012 0.0011 0.0011 0.0011
 0.0011 0.0011 0.0011 0.0011 0.0011 0.0011 0.0011 0.0011 0.0011 0.0011
 0.0011 0.0011 0.001  0.001  0.001  0.001  0.001  0.001  0.001  0.001
 0.001  0.001  0.001  0.001  0.001  0.001  0.001  0.001  0.0009 0.0009
 0.0009 0.0009 0.0009 0.0009 0.0009 0.0009 0.0009 0.0009 0.0009 0.0009
 0.0009 0.0009 0.0009 0.0009 0.0009 0.0009 0.0008 0.0008 0.0008 0.0008
 0.0008 0.0008 0.0008 0.0008 0.0008 0.0008 0.0008 0.0008 0.0008 0.0008
 0.0008 0.0008 0.0008 0.0008 0.0008 0.0008 0.0008 0.0008 0.0007 0.0007
 0.0007 0.0007 0.0007 0.0007 0.0007 0.0007 0.0007 0.0007 0.0007 0.0007
 0.0007 0.0007 0.0007 0.0007 0.0007 0.0007 0.0007 0.0007 0.0007 0.0007
 0.0007 0.0007 0.0007 0.0007 0.0006 0.0006 0.0006 0.0006 0.0006 0.0006
 0.0006 0.0006 0.0006 0.0006 0.0006 0.0006 0.0006 0.0006 0.0006 0.0006
 0.0006 0.0006 0.0006 0.0006 0.0006 0.0006 0.0006 0.0006 0.0006 0.0006
 0.0006 0.0006 0.0006 0.0005 0.0005 0.0005 0.0005 0.0005 0.0005 0.0005
 0.0005 0.0005 0.0005 0.0005 0.0005 0.0005 0.0005 0.0005 0.0005 0.0005
 0.0005 0.0005 0.0005 0.0005 0.0005 0.0005 0.0005 0.0005 0.0005 0.0005
 0.0005 0.0005 0.0005 0.0005 0.0005 0.0005 0.0005 0.0004 0.0004 0.0004
 0.0004 0.0004 0.0004 0.0004 0.0004 0.0004 0.0004 0.0004 0.0004 0.0004
 0.0004 0.0004 0.0004 0.0004 0.0004 0.0004 0.0004 0.0004 0.0004 0.0004
 0.0004 0.0004 0.0004 0.0004 0.0004 0.0004 0.0004 0.0004 0.0004 0.0004
 0.0004 0.0004 0.0004 0.0004 0.0004 0.0004 0.0004 0.0004 0.0004 0.0004
 0.0004 0.0004]

                       precision      recall    f1-score     support

Enterobacter/ECL         85.0000%     60.7143%     70.8333%          28
Enterobacter/ESK        100.0000%     76.1905%     86.4865%          21
Escherichia/EC           85.9375%     98.2143%     91.6667%          56
Klebsiella/KAE           58.5366%     77.4194%     66.6667%          31
Klebsiella/KOX           87.5000%     63.6364%     73.6842%          22
Klebsiella/KP            75.6098%     96.8750%     84.9315%          32
Proteus/PMI              72.7273%     80.0000%     76.1905%          30
Proteus/PVU             100.0000%    100.0000%    100.0000%          23
Serratia/SLI             84.2105%     66.6667%     74.4186%          24
Serratia/SMA             81.2500%     59.0909%     68.4211%          22

accuracy                                        80.6228%         289
macro avg                83.0772%     77.8807%     79.3299%         289
weighted avg             82.1523%     80.6228%     80.3302%         289