Accuracy: 86.5672%
PCA components: 172
Explained variance ratio:
[0.1478 0.1133 0.0858 0.0716 0.0627 0.0399 0.0285 0.0223 0.0162 0.0137
 0.0132 0.0128 0.0102 0.0092 0.0089 0.0081 0.0078 0.0071 0.0067 0.0062
 0.0055 0.0053 0.0052 0.0049 0.0048 0.0045 0.0045 0.0044 0.0043 0.0042
 0.0041 0.004  0.0038 0.0037 0.0036 0.0035 0.0034 0.0034 0.0032 0.0032
 0.0031 0.003  0.0029 0.0029 0.0028 0.0028 0.0027 0.0026 0.0026 0.0025
 0.0025 0.0025 0.0024 0.0024 0.0023 0.0023 0.0023 0.0022 0.0022 0.0022
 0.0021 0.0021 0.0021 0.002  0.002  0.0019 0.0019 0.0019 0.0019 0.0018
 0.0018 0.0018 0.0017 0.0017 0.0017 0.0017 0.0017 0.0016 0.0016 0.0016
 0.0015 0.0015 0.0015 0.0015 0.0015 0.0014 0.0014 0.0014 0.0014 0.0014
 0.0013 0.0013 0.0013 0.0013 0.0013 0.0013 0.0013 0.0012 0.0012 0.0012
 0.0012 0.0012 0.0012 0.0011 0.0011 0.0011 0.0011 0.0011 0.0011 0.0011
 0.0011 0.001  0.001  0.001  0.001  0.001  0.001  0.001  0.001  0.001
 0.0009 0.0009 0.0009 0.0009 0.0009 0.0009 0.0009 0.0009 0.0009 0.0008
 0.0008 0.0008 0.0008 0.0008 0.0008 0.0008 0.0008 0.0008 0.0008 0.0008
 0.0008 0.0007 0.0007 0.0007 0.0007 0.0007 0.0007 0.0007 0.0007 0.0007
 0.0007 0.0007 0.0007 0.0007 0.0007 0.0007 0.0006 0.0006 0.0006 0.0006
 0.0006 0.0006 0.0006 0.0006 0.0006 0.0006 0.0006 0.0006 0.0006 0.0006
 0.0006 0.0005]

                       precision      recall    f1-score     support

Aa                       88.0000%     81.4815%     84.6154%          27
Fn                       79.5455%     83.3333%     81.3953%          42
PG                       92.8571%     92.8571%     92.8571%          42
Pn                       86.9565%     86.9565%     86.9565%          23

accuracy                                        86.5672%         134
macro avg                86.8398%     86.1571%     86.4561%         134
weighted avg             86.6934%     86.5672%     86.5912%         134