Accuracy: 64.0777%
PCA components: 406
Explained variance ratio:
[0.0622 0.0386 0.0206 0.0189 0.0141 0.0121 0.0108 0.0093 0.0085 0.0075
 0.0073 0.0068 0.0066 0.0063 0.0062 0.0061 0.0059 0.0058 0.0057 0.0056
 0.0055 0.0054 0.0054 0.0052 0.0051 0.005  0.005  0.0049 0.0048 0.0048
 0.0048 0.0047 0.0047 0.0046 0.0045 0.0045 0.0044 0.0044 0.0043 0.0043
 0.0042 0.0042 0.0042 0.0041 0.0041 0.004  0.004  0.0039 0.0039 0.0039
 0.0039 0.0038 0.0038 0.0037 0.0037 0.0037 0.0037 0.0036 0.0036 0.0036
 0.0035 0.0035 0.0035 0.0035 0.0034 0.0034 0.0034 0.0033 0.0033 0.0033
 0.0033 0.0032 0.0032 0.0032 0.0032 0.0031 0.0031 0.0031 0.0031 0.003
 0.003  0.003  0.003  0.003  0.0029 0.0029 0.0029 0.0029 0.0029 0.0029
 0.0028 0.0028 0.0028 0.0028 0.0027 0.0027 0.0027 0.0027 0.0027 0.0027
 0.0027 0.0026 0.0026 0.0026 0.0026 0.0026 0.0026 0.0025 0.0025 0.0025
 0.0025 0.0025 0.0025 0.0024 0.0024 0.0024 0.0024 0.0024 0.0024 0.0024
 0.0024 0.0023 0.0023 0.0023 0.0023 0.0023 0.0023 0.0023 0.0023 0.0022
 0.0022 0.0022 0.0022 0.0022 0.0022 0.0022 0.0022 0.0021 0.0021 0.0021
 0.0021 0.0021 0.0021 0.0021 0.0021 0.002  0.002  0.002  0.002  0.002
 0.002  0.002  0.002  0.002  0.002  0.0019 0.0019 0.0019 0.0019 0.0019
 0.0019 0.0019 0.0019 0.0019 0.0019 0.0018 0.0018 0.0018 0.0018 0.0018
 0.0018 0.0018 0.0018 0.0018 0.0018 0.0018 0.0017 0.0017 0.0017 0.0017
 0.0017 0.0017 0.0017 0.0017 0.0017 0.0017 0.0016 0.0016 0.0016 0.0016
 0.0016 0.0016 0.0016 0.0016 0.0016 0.0016 0.0016 0.0016 0.0015 0.0015
 0.0015 0.0015 0.0015 0.0015 0.0015 0.0015 0.0015 0.0015 0.0015 0.0015
 0.0015 0.0014 0.0014 0.0014 0.0014 0.0014 0.0014 0.0014 0.0014 0.0014
 0.0014 0.0014 0.0014 0.0013 0.0013 0.0013 0.0013 0.0013 0.0013 0.0013
 0.0013 0.0013 0.0013 0.0013 0.0013 0.0013 0.0013 0.0013 0.0012 0.0012
 0.0012 0.0012 0.0012 0.0012 0.0012 0.0012 0.0012 0.0012 0.0012 0.0012
 0.0012 0.0012 0.0012 0.0011 0.0011 0.0011 0.0011 0.0011 0.0011 0.0011
 0.0011 0.0011 0.0011 0.0011 0.0011 0.0011 0.0011 0.0011 0.001  0.001
 0.001  0.001  0.001  0.001  0.001  0.001  0.001  0.001  0.001  0.001
 0.001  0.001  0.001  0.001  0.001  0.001  0.001  0.0009 0.0009 0.0009
 0.0009 0.0009 0.0009 0.0009 0.0009 0.0009 0.0009 0.0009 0.0009 0.0009
 0.0009 0.0009 0.0009 0.0009 0.0009 0.0008 0.0008 0.0008 0.0008 0.0008
 0.0008 0.0008 0.0008 0.0008 0.0008 0.0008 0.0008 0.0008 0.0008 0.0008
 0.0008 0.0008 0.0008 0.0008 0.0008 0.0008 0.0007 0.0007 0.0007 0.0007
 0.0007 0.0007 0.0007 0.0007 0.0007 0.0007 0.0007 0.0007 0.0007 0.0007
 0.0007 0.0007 0.0007 0.0007 0.0007 0.0007 0.0007 0.0006 0.0006 0.0006
 0.0006 0.0006 0.0006 0.0006 0.0006 0.0006 0.0006 0.0006 0.0006 0.0006
 0.0006 0.0006 0.0006 0.0006 0.0006 0.0006 0.0006 0.0006 0.0006 0.0006
 0.0006 0.0006 0.0006 0.0006 0.0006 0.0006 0.0005 0.0005 0.0005 0.0005
 0.0005 0.0005 0.0005 0.0005 0.0005 0.0005 0.0005 0.0005 0.0005 0.0005
 0.0005 0.0005 0.0005 0.0005 0.0005 0.0005 0.0005 0.0005 0.0005 0.0005
 0.0005 0.0005 0.0005 0.0005 0.0005 0.0004]

                       precision      recall    f1-score     support

dachang/ESBL/ESBL+       58.9286%     66.0000%     62.2642%          50
dachang/ESBL/ESBL-       63.8889%     46.9388%     54.1176%          49
feike/ESBL/ESBL+         74.0741%     74.0741%     74.0741%          54
feike/ESBL/ESBL-         60.0000%     67.9245%     63.7168%          53

accuracy                                        64.0777%         206
macro avg                64.2229%     63.7343%     63.5432%         206
weighted avg             64.3543%     64.0777%     63.7959%         206